OBJECTID	AU_NO	AU_NAME	Shape_Leng	Shape_Area	AREA	TOTAL	P_UNDER_20	P_20_TO_39	P_40_TO_49	P_60_TO_79	P_OVER_80	T019	T2039	T4059	T6079	T80P	TB_CASES	Gi
14	518202.00000000000	Mt Eden East	3664.39470054000	738462.50000000000	Mt Eden East	2781	0.27615965500	0.32254584700	0.30960086300	0.07551240600	0.01618123000	768	897	861	210	45	4	-1.332935626
15	518201.00000000000	Balmoral	5104.43632670000	1397890.00000000000	Balmoral	5439	0.26475455000	0.38389409800	0.27633756200	0.06453392200	0.01047986800	1440	2088	1503	351	57	2	-0.34194623
16	515302.00000000000	Ponsonby East	3698.09631213000	716899.00000000000	Ponsonby East	3285	0.14977168900	0.51232876700	0.25388127900	0.07488584500	0.00913242000	492	1683	834	246	30	3	-0.929264402
17	515301.00000000000	Ponsonby West	4040.35176771000	702261.50000000000	Ponsonby West	2394	0.24561403500	0.41854636600	0.25062656600	0.06140350900	0.02380952400	588	1002	600	147	57	3	-1.365802719
25	518500.00000000000	Three Kings	5904.77413984000	1814196.00000000000	Three Kings	5265	0.27635327600	0.36068376100	0.25014245000	0.09002849000	0.02279202300	1455	1899	1317	474	120	5	2.13261744
26	515600.00000000000	Eden Terrace	2955.24456518000	463232.50000000000	Eden Terrace	1995	0.11578947400	0.66165413500	0.17443609000	0.04812030100	0.00000000000	231	1320	348	96	0	1	-1.432015005
35	520202.00000000000	Ellerslie South	7041.43229604000	1351133.00000000000	Ellerslie South	2013	0.18777943400	0.46199701900	0.25782414300	0.07302533500	0.01937406900	378	930	519	147	39	2	-0.517593561
36	520201.00000000000	Ellerslie North	7047.98606911000	1718381.00000000000	Ellerslie North	6030	0.21691542300	0.38855721400	0.25472636800	0.10796019900	0.03184079600	1308	2343	1536	651	192	4	0.595187154
37	516002.00000000000	Remuera South	4552.75967821000	1121795.50000000000	Remuera South	3753	0.30055955200	0.26139088700	0.30855315700	0.09592326100	0.03357314100	1128	981	1158	360	126	4	-1.45498167
38	516003.00000000000	Abbotts Park	7670.05231584000	1876617.50000000000	Abbotts Park	4416	0.20584239100	0.36616847800	0.27649456500	0.10326087000	0.04823369600	909	1617	1221	456	213	1	-0.97419985
39	516800.00000000000	Glendowie	6750.98926149000	2041038.50000000000	Glendowie	4050	0.32000000000	0.20518518500	0.32444444400	0.11925925900	0.03111111100	1296	831	1314	483	126	1	-1.50565985
40	516001.00000000000	Mt Hobson	4601.02985445000	903547.00000000000	Mt Hobson	1743	0.30292599000	0.29432013800	0.28227194500	0.09638554200	0.02409638600	528	513	492	168	42	1	-1.469187966
51	520500.00000000000	Mt Wellington South	18890.96749710000	6801238.50000000000	Mt Wellington South	5616	0.34882478600	0.33119658100	0.21901709400	0.08653846200	0.01442307700	1959	1860	1230	486	81	13	0.533921187
52	519200.00000000000	Mt St John	5647.92049021000	1317835.00000000000	Mt St John	4632	0.35492228000	0.22344559600	0.29145077700	0.09585492200	0.03432642500	1644	1035	1350	444	159	6	-1.326785549
53	516302.00000000000	Meadowbank South	6898.11656339000	2478007.50000000000	Meadowbank South	4845	0.23777089800	0.28544891600	0.30092879300	0.13808049500	0.03777089800	1152	1383	1458	669	183	6	0.160192137
55	516301.00000000000	Meadowbank North	8623.82340413000	2266721.00000000000	Meadowbank North	6144	0.25341796900	0.30322265600	0.27294921900	0.12402343800	0.04638671900	1557	1863	1677	762	285	5	-0.810986507
67	519500.00000000000	Penrose	12975.08230620000	4203096.50000000000	Penrose	657	0.24657534200	0.45205479500	0.24200913200	0.05479452100	0.00456621000	162	297	159	36	3	0	-0.393861851
69	516602.00000000000	Kohimarama East	5618.20697184000	1307016.50000000000	Kohimarama East	3564	0.24831649800	0.21885521900	0.33585858600	0.16329966300	0.03367003400	885	780	1197	582	120	1	-1.296772569
70	516601.00000000000	Kohimarama West	4376.79235617000	1074179.00000000000	Kohimarama West	3246	0.21164510200	0.26617375200	0.29297597000	0.18299445500	0.04621072100	687	864	951	594	150	1	-0.704581268
77	517002.00000000000	Glen Innes East	4982.47938017000	1133068.50000000000	Glen Innes East	2922	0.40349076000	0.27207392200	0.23305954800	0.07494866500	0.01642710500	1179	795	681	219	48	0	0.123847347
78	517001.00000000000	Glen Innes West	5885.97033035000	1585799.50000000000	Glen Innes West	4509	0.38522954100	0.28143712600	0.22621423800	0.08915502300	0.01796407200	1737	1269	1020	402	81	5	-0.828119637
79	517800.00000000000	Mt Albert Central	7940.10467311000	1949779.50000000000	Mt Albert Central	5700	0.27526315800	0.36210526300	0.24842105300	0.08894736800	0.02526315800	1569	2064	1416	507	144	10	1.39588406
80	515420.00000000000	Grey Lynn East	4097.31999232000	784785.00000000000	Grey Lynn East	3333	0.18631863200	0.52295229500	0.22862286200	0.05670567100	0.00540054000	621	1743	762	189	18	3	-1.115224746
81	514102.00000000000	Auckland Central West	5639.68434327000	1166261.00000000000	Auckland Central West	12270	0.09535452300	0.57139364300	0.21711491400	0.10929095400	0.00684596600	1170	7011	2664	1341	84	21	-1.430755752
82	514103.00000000000	Auckland Central East	4833.56775860000	926032.00000000000	Auckland Central East	9645	0.14836703000	0.62363919100	0.15769828900	0.06656298600	0.00373250400	1431	6015	1521	642	36	3	-1.156093583
83	514900.00000000000	Waterview	5349.84274184000	1072844.00000000000	Waterview	3411	0.25769569000	0.40017590100	0.22075637600	0.09498680700	0.02638522400	879	1365	753	324	90	3	0.767450675
98	514402.00000000000	Glenavon	7347.60464818000	1733987.00000000000	Glenavon	5709	0.29059379900	0.34944824000	0.23279033100	0.10772464500	0.01944298500	1659	1995	1329	615	111	13	1.56758978
100	514401.00000000000	Roberton	7956.81774977000	1496742.00000000000	Roberton	4932	0.24635036500	0.38138686100	0.24270073000	0.10888077900	0.02068126500	1215	1881	1197	537	102	5	4.010446418
102	519820.00000000000	Onehunga South East	6249.30014662000	1570591.00000000000	Onehunga South East	3303	0.23614895500	0.37965485900	0.25068119900	0.10899182600	0.02452316100	780	1254	828	360	81	10	0.680553073
106	515432.00000000000	St Lukes North	2273.33769818000	199483.50000000000	St Lukes North	729	0.21399177000	0.51028806600	0.22633744900	0.03703703700	0.01234567900	156	372	165	27	9	0	0.053242502
107	515431.00000000000	Surrey Crescent	4749.29778054000	980979.00000000000	Surrey Crescent	2688	0.24218750000	0.41071428600	0.23772321400	0.09263392900	0.01674107100	651	1104	639	249	45	2	-1.677035863
108	517600.00000000000	St Lukes	5755.79466756000	1179228.50000000000	St Lukes	4155	0.21227436800	0.51624548700	0.20072202200	0.05992779800	0.01083032500	882	2145	834	249	45	3	0.62355034
111	514700.00000000000	Blockhouse Bay	8577.28675853000	2450890.50000000000	Blockhouse Bay	5883	0.25446200900	0.25344212100	0.26619071900	0.16828148900	0.05762366100	1497	1491	1566	990	339	8	1.047619356
114	518803.00000000000	Akarana	6080.30804697000	2102555.33995000000	Akarana	5199	0.34275822300	0.28043854600	0.25678015000	0.09521061700	0.02481246400	1782	1458	1335	495	129	17	1.94155495
115	518802.00000000000	Wesley	5119.20638828000	1180796.00000000000	Wesley	2637	0.31854380000	0.31171786100	0.23777019300	0.10352673500	0.02844141100	840	822	627	273	75	6	2.425694095
116	518801.00000000000	Walmsley	4759.65782115000	1150541.50000000000	Walmsley	3681	0.37815810900	0.31214343900	0.22004890000	0.07253463700	0.01711491400	1392	1149	810	267	63	10	2.344991412
117	515902.00000000000	Parnell West	8393.34514887000	2106834.00000000000	Parnell West	4779	0.13873195200	0.43188951700	0.28123038300	0.12931575600	0.01883239200	663	2064	1344	618	90	0	-2.108780143
118	515100.00000000000	Westmere	7580.57840146000	1564510.50000000000	Westmere	4662	0.27670527700	0.32303732300	0.29858429900	0.08043758000	0.02123552100	1290	1506	1392	375	99	1	-0.665125148
119	515901.00000000000	Parnell East	6218.05059858000	891671.50000000000	Parnell East	2145	0.19020979000	0.31468531500	0.32727272700	0.14545454500	0.02237762200	408	675	702	312	48	0	-2.345666632
125	518302.00000000000	Mt Eden South	5352.03777967000	1104876.50000000000	Mt Eden South	4725	0.25904761900	0.36126984100	0.27746031700	0.08000000000	0.02222222200	1224	1707	1311	378	105	2	-0.40153262
126	518301.00000000000	Maungawhau	5036.27037274000	1011579.50000000000	Maungawhau	3708	0.27669902900	0.36650485400	0.26699029100	0.07119741100	0.01860841400	1026	1359	990	264	69	1	-0.363497307
133	520000.00000000000	Te Papapa	6890.60412153000	2524632.50000000000	Te Papapa	3123	0.26416906800	0.41594620600	0.22958693600	0.08069164300	0.00960614800	825	1299	717	252	30	1	-0.111316518
139	518600.00000000000	Royal Oak	6007.76611352000	1558245.00000000000	Royal Oak	5415	0.24376731300	0.29418282500	0.28808864300	0.12797783900	0.04598338000	1320	1593	1560	693	249	5	0.448710056
140	515700.00000000000	Epsom North	5754.38294118000	1374228.00000000000	Epsom North	3822	0.30376766100	0.26059654600	0.29513343800	0.11538461500	0.02511773900	1161	996	1128	441	96	3	-1.294670082
147	519002.00000000000	Waikowhai East	5631.53363905000	1408978.50000000000	Waikowhai East	4464	0.32392473100	0.29838709700	0.26008064500	0.10080645200	0.01680107500	1446	1332	1161	450	75	7	2.149996467
148	520300.00000000000	Mt Wellington North	10672.12810780000	3685799.50000000000	Mt Wellington North	6822	0.22075637600	0.42040457300	0.22867194400	0.10729991200	0.02286719400	1506	2868	1560	732	156	20	0.649355547
149	519001.00000000000	Waikowhai West	6383.27603305000	1426145.00000000000	Waikowhai West	3372	0.22508896800	0.26156583600	0.28024911000	0.15925266900	0.07384341600	759	882	945	537	249	6	2.132366321
150	516102.00000000000	Waitaramoa	6358.95965803000	1561773.00000000000	Waitaramoa	3819	0.27808326800	0.21445404600	0.33150039300	0.13982718000	0.03613511400	1062	819	1266	534	138	0	-2.055407594
152	516900.00000000000	Glen Innes North	8996.24628489000	2479770.00000000000	Glen Innes North	5916	0.28296146000	0.23377281900	0.25709939100	0.14452332700	0.08164300200	1674	1383	1521	855	483	1	-1.828808674
153	516101.00000000000	Remuera West	4055.84471986000	911479.00000000000	Remuera West	3204	0.22565543100	0.26966292100	0.32303370800	0.16104868900	0.02059925100	723	864	1035	516	66	0	-2.03379457
156	515410.00000000000	Grey Lynn West	3842.11080044000	831663.00000000000	Grey Lynn West	3279	0.21408966100	0.49130832600	0.22964318400	0.05489478500	0.01006404400	702	1611	753	180	33	2	-0.650934379
161	520602.00000000000	Panmure Basin	5910.39189088000	1591296.50000000000	Panmure Basin	2706	0.16297117500	0.35144124200	0.29157427900	0.15299334800	0.04101995600	441	951	789	414	111	3	1.836178713
162	520601.00000000000	Tamaki	5177.18502493000	1510041.00000000000	Tamaki	4365	0.36838488000	0.27560137500	0.22061855700	0.10652921000	0.02886597900	1608	1203	963	465	126	4	1.854098032
163	519300.00000000000	One Tree Hill Central	7284.88169839000	3058679.00000000000	One Tree Hill Central	2706	0.25831485600	0.23614190700	0.31374722800	0.13192904700	0.05986696200	699	639	849	357	162	0	-0.016096653
165	516400.00000000000	Orakei North	11413.44797050000	3033617.00000000000	Orakei North	5328	0.23198198200	0.31531531500	0.27364864900	0.13907657700	0.03997747700	1236	1680	1458	741	213	2	-1.420522534
167	521803.00000000000	Otahuhu East	8092.91998661000	782115.50000000000	Otahuhu East	1899	0.36334913100	0.30963665100	0.22906793000	0.08214849900	0.01579778800	690	588	435	156	30	2	1.919343035
168	521802.00000000000	Fairburn	5848.69825519000	899899.50000000000	Fairburn	3336	0.34712230200	0.30575539600	0.22661870500	0.10431654700	0.01618705000	1158	1020	756	348	54	6	0.942821791
169	521801.00000000000	Otahuhu North	4179.07190361000	664747.00000000000	Otahuhu North	2781	0.34843581400	0.32686084100	0.21143473600	0.10032362500	0.01294498400	969	909	588	279	36	8	0.953504159
175	519810.00000000000	Onehunga South West	7667.69372868000	1692324.50000000000	Onehunga South West	3618	0.23880597000	0.32587064700	0.28938640100	0.11691542300	0.02902155900	864	1179	1047	423	105	5	2.470289334
180	516700.00000000000	St Heliers	6113.36968767000	1822227.00000000000	St Heliers	4689	0.20921305200	0.20153550900	0.33269353800	0.20153550900	0.05502239300	981	945	1560	945	258	0	-1.586131799
186	517903.00000000000	Owairaka East	4628.04407408000	1192474.00000000000	Owairaka East	4170	0.27194244600	0.32086330900	0.26546762600	0.10287769800	0.03884892100	1134	1338	1107	429	162	7	4.654041161
187	517902.00000000000	Owairaka West	5162.61726171000	815311.00000000000	Owairaka West	2664	0.29279279300	0.38063063100	0.22522522500	0.08108108100	0.02027027000	780	1014	600	216	54	12	2.079493089
188	517901.00000000000	Springleigh	5876.77923011000	1063618.00000000000	Springleigh	2811	0.22732123800	0.43756670200	0.21664887900	0.08964781200	0.02881536800	639	1230	609	252	81	9	2.167590554
189	517100.00000000000	Point England	7183.74065867000	1625568.50000000000	Point England	4173	0.38820992100	0.25089863400	0.22501797300	0.11574406900	0.02012940300	1620	1047	939	483	84	9	0.340486636
190	514200.00000000000	Newton	2629.03833061000	432389.00000000000	Newton	1218	0.07389162600	0.73891625600	0.15270936000	0.02955665000	0.00492610800	90	900	186	36	6	0	-1.057231997
202	517400.00000000000	Newmarket	5519.94898924000	732388.00000000000	Newmarket	1755	0.12478632500	0.50085470100	0.25299145300	0.11111111100	0.01025641000	219	879	444	195	18	0	-2.06086478
203	514500.00000000000	New Windsor	7938.00475741000	1804973.00000000000	New Windsor	6555	0.27139588100	0.33180778000	0.25812357000	0.12036613300	0.01830663600	1779	2175	1692	789	120	12	3.198144956
211	517702.00000000000	Sandringham West	4682.25961523000	1043049.50000000000	Sandringham West	4446	0.23481781400	0.41295546600	0.23414305000	0.09244264500	0.02564102600	1044	1836	1041	411	114	12	1.659304328
212	517703.00000000000	Sandringham East	4350.26862921000	717084.00000000000	Sandringham East	3273	0.25481209900	0.41888176000	0.22914757100	0.08157653500	0.01558203500	834	1371	750	267	51	6	0.683647464
213	517701.00000000000	Sandringham North	4028.17183156000	819975.00000000000	Sandringham North	3132	0.22892720300	0.46455938700	0.21455938700	0.06513410000	0.02681992300	717	1455	672	204	84	4	0.798847636
218	518102.00000000000	Sherbourne	4593.59886186000	860766.00000000000	Sherbourne	2991	0.20060180500	0.44232698100	0.26278836500	0.07622868600	0.01805416200	600	1323	786	228	54	1	-0.567983749
219	518902.00000000000	Lynfield South	5797.26616885000	1729595.50000000000	Lynfield South	4263	0.29345531300	0.25756509500	0.29204785400	0.13230119600	0.02463054200	1251	1098	1245	564	105	8	0.887899103
220	518901.00000000000	Lynfield North	6278.02664333000	2064560.00000000000	Lynfield North	5451	0.26857457300	0.30709961500	0.25756741900	0.14364336800	0.02311502500	1464	1674	1404	783	126	8	2.689751011
221	518101.00000000000	Mt Eden North	4476.63202934000	895457.00000000000	Mt Eden North	3756	0.15415335500	0.52875399400	0.23322683700	0.05670926500	0.02715655000	579	1986	876	213	102	1	-0.965388231
222	515202.00000000000	St Marys	5953.43442803000	935481.50000000000	St Marys	2550	0.13764705900	0.40000000000	0.30705882400	0.10941176500	0.04588235300	351	1020	783	279	117	2	-0.707206203
224	515201.00000000000	Herne Bay	4749.63327273000	820293.00000000000	Herne Bay	2832	0.20762711900	0.32627118600	0.33474576300	0.10593220300	0.02542372900	588	924	948	300	72	0	-0.178389799
234	519720.00000000000	Onehunga North East	3988.77734347000	871124.00000000000	Onehunga North East	3552	0.21283783800	0.37500000000	0.25844594600	0.12415540500	0.02956081100	756	1332	918	441	105	1	0.579621156
235	515500.00000000000	Arch Hill	3929.38366737000	501666.50000000000	Arch Hill	1260	0.13333333300	0.64761904800	0.16428571400	0.05000000000	0.00476190500	168	816	207	63	6	0	-0.925804824
242	518702.00000000000	Hillsborough East	7698.16400020000	2161655.00000000000	Hillsborough East	4275	0.22947368400	0.30736842100	0.26175438600	0.13543859600	0.06596491200	981	1314	1119	579	282	3	2.156102352
243	518701.00000000000	Hillsborough West	6166.27051017000	2030503.16005000000	Hillsborough West	6861	0.27634455600	0.29077394000	0.28421512900	0.10887625700	0.03979011800	1896	1995	1950	747	273	17	1.051033351
245	520402.00000000000	Hamlin	5099.79862230000	1365601.00000000000	Hamlin	4785	0.31222570500	0.36739811900	0.21692790000	0.08777429500	0.01567398100	1494	1758	1038	420	75	5	2.43083239
246	520401.00000000000	Ferndale	5232.16989749000	1645691.50000000000	Ferndale	4263	0.27093596100	0.41027445500	0.23434201300	0.07248416600	0.01196340600	1155	1749	999	309	51	8	1.649838658
247	519900.00000000000	Oranga	4192.58576895000	909030.00000000000	Oranga	3807	0.32939322300	0.33727344400	0.22064617800	0.09298660400	0.01970055200	1254	1284	840	354	75	3	-1.897196022
248	516202.00000000000	Waiata	5631.61541830000	1371657.00000000000	Waiata	4005	0.26816479400	0.17902621700	0.31310861400	0.15430711600	0.08539325800	1074	717	1254	618	342	1	-1.596529655
250	516201.00000000000	Orakei South	8193.29595619000	1354380.00000000000	Orakei South	3366	0.29144385000	0.22103386800	0.32709447400	0.13725490200	0.02317290600	981	744	1101	462	78	0	-1.630763617
268	519400.00000000000	One Tree Hill East	5734.50762491000	1604514.00000000000	One Tree Hill East	5835	0.23701799500	0.34961439600	0.27814910000	0.10796915200	0.02724935700	1383	2040	1623	630	159	1	-1.647414242
269	516500.00000000000	Mission Bay	8453.20718400000	2130683.50000000000	Mission Bay	5307	0.19276427400	0.30638779000	0.30130017000	0.15375918600	0.04578858100	1023	1626	1599	816	243	5	-1.234487151
274	521901.00000000000	Otahuhu West	7934.19772358000	2433759.09650000000	Otahuhu West	5205	0.38789625400	0.29337175800	0.23112391900	0.07838616700	0.00922190200	2019	1527	1203	408	48	4	2.344384815
276	514802.00000000000	Avondale West	8247.81929185000	1599893.50000000000	Avondale West	4779	0.31198995600	0.32768361600	0.23540489600	0.09416195900	0.03075957300	1491	1566	1125	450	147	13	1.194825856
277	514000.00000000000	Freemans Bay	4135.28518454000	1002398.00000000000	Freemans Bay	3816	0.13522012600	0.44968553500	0.28773584900	0.11163522000	0.01572327000	516	1716	1098	426	60	3	-0.508237939
278	514801.00000000000	Rosebank	23964.51958650000	3574952.00000000000	Rosebank	4542	0.33817701500	0.30581241700	0.24174372500	0.10171730500	0.01254953800	1536	1389	1098	462	57	8	0.675079007
292	517200.00000000000	St Johns	7440.80330420000	2777031.50000000000	St Johns	2919	0.22199383400	0.41007194200	0.24974306300	0.09969167500	0.01849948600	648	1197	729	291	54	3	0.825760439
293	514302.00000000000	Grafton East	4948.99202499000	407611.50000000000	Grafton East	1929	0.20839813400	0.41057542800	0.17729393500	0.11975116600	0.08398133700	402	792	342	231	162	1	-1.708290716
294	514301.00000000000	Grafton West	4664.62744387000	528078.00000000000	Grafton West	2484	0.15338164300	0.64371980700	0.15217391300	0.04347826100	0.00724637700	381	1599	378	108	18	2	-2.152183416
306	517500.00000000000	Kingsland	5701.93482122000	1260887.00000000000	Kingsland	4431	0.17670954600	0.56939742700	0.19160460400	0.05416384600	0.00812457700	783	2523	849	240	36	6	-1.681964298
309	514600.00000000000	Avondale South	7115.79466619000	1469237.00000000000	Avondale South	5196	0.27193995400	0.29330254000	0.25519630500	0.14491916900	0.03464203200	1413	1524	1326	753	180	8	1.449559145
312	519710.00000000000	Onehunga North West	3950.81356674000	802435.50000000000	Onehunga North West	3483	0.22049956900	0.34366925100	0.23944875100	0.13867355700	0.05770887200	768	1197	834	483	201	12	0.021255007
314	515002.00000000000	Point Chevalier East	10947.90595430000	2254869.50000000000	Point Chevalier East	4227	0.26117814100	0.32292406000	0.27963094400	0.10645848100	0.02980837500	1104	1365	1182	450	126	2	-1.002394639
315	515003.00000000000	Point Chevalier South	6356.42690573000	1286615.50000000000	Point Chevalier South	1677	0.25223613600	0.43828264800	0.21645796100	0.07334525900	0.01967799600	423	735	363	123	33	2	0.088852639
316	515802.00000000000	Epsom South	4395.05783076000	951013.50000000000	Epsom South	3495	0.31759656700	0.23175965700	0.32618025800	0.10987124500	0.01459227500	1110	810	1140	384	51	2	-1.422634709
317	515801.00000000000	Epsom Central	4351.28095584000	1106586.50000000000	Epsom Central	3642	0.30477759500	0.24546952200	0.32454695200	0.09060955500	0.03459637600	1110	894	1182	330	126	3	-0.613319157
318	515001.00000000000	Point Chevalier West	6564.64456776000	1255852.00000000000	Point Chevalier West	3411	0.24890061600	0.26297273500	0.24890061600	0.10290237500	0.13632365900	849	897	849	351	465	1	0.001616048
319	514101.00000000000	Auckland Harbourside	18379.74218150000	1823209.00000000000	Auckland Harbourside	4092	0.07184750700	0.49046920800	0.26759530800	0.15982404700	0.01026393000	294	2007	1095	654	42	2	-0.805789203
